2440126
9144590
5748047
7335471
8516361
9842400
4418979
4599396
4005140
7160337
2872582
2195479
7407575
4040951
3099055
8394280
4390477
4208340
1500391
6037073
4662910
8438933
1255841
2797646
3311671
4973967
7527604
9345099
9605803
5606548
6757696
5331165
2460254
3717825
4570127
7346648
4399505
3553992
8688446
6459300
9256607
9044354
7287309
6760151
1439004
2153830
5259824
7275102
7725062
2586599
5228595
3426082
8127820
2236477
5879874
4755466
7484888
2109300
5378336
8662376
2969590
4805055
8266455
6199431
8960873
4584959
1316966
8251109
9491649
8035733
2261326
2347115
3852093
9809825
3947303
4328926
5589365
9681233
7045168
6041302
3760975
7335676
3802363
8188451
1281777
9267838
5542704
5606552
2353187
2805813
5927435
5019279
1958188
4866011
8282308
9071085
6184692
4636670
9963006
5697713
6825458
7433376
7631270
5528055
5603461
7248435
2676391
5293699
4808600
1848373
2203723
5775602
6483960
4405832
2224128
1115489
2937899
3366092
2747831
9754128
8174645
3302529
9482876
9045638
3979901
5794517
7152577
1588349
4445212
2726648
4784145
7234998
5979436
7070596
6895493
8855801
4259046
7615637
7240014
6921941
1236428
1853406
8229497
5415099
4855593
3277825
6466550
8959748
5766472
4766618
9431420
1878548
7359275
1739343
3196996
5189823
5325603
4503218
9303603
6003665
5950800
5606114
6964056
8639477
9354295
5765149
7181353
5864850
6291969
8767032
1358082
5667922
1326484
7851029
5132827
5669577
2670031
9933556
7822347
5613299
3302421
6677615
1954236
6937878
5767092
4841305
8540033
4893694
2862964
8424149
6301790
2584343
8492752
5027988
4743764
7796213
3676532
2904899
3722148
6840611
1469942
1453827
3293251
1794910
3939980
1803122
9377316
6046907
9291459
9045155
4944911
1597836
6600468
1764375
1759191
7898560
3562253
1722629
9371316
7267665
9205666
5151240
8323512
2289128
5652956
5508845
2911346
3406709
6763077
4558970
9822577
3322571
1501576
3223961
2323603
8718506
4992426
5258648
1539176
7987356
3063399
4918861
6693213
7703626
3097402
4427542
3520825
5406430
2384967
1633612
9586518
1154569
2354363
9224682
8778125
8616776
7740270
7677360
9229787
1166654
7192606
8733583
2896417
4839413
1800710
8480428
3988236
9477888
8463230
8736172
9142074
9853094
5606289
7562882
3451096
5733253
3510677
6025283
8259667
9558103
3316533
8214972
7203251
8054446
1897967
9953273
2196425
5701710
4520552
2692384
9333300
3491441
3413205
4661226
4687840
9639750
8842180
5239266
6169728
9719682
2801111
8664098
1987488
3678865
3702029
8386718
5844046
9059500
5960514
2708875
2246795
5171764
8146505
7346232
6071794
7842247
8649868
4316168
5215198
8998812
1367788
5045741
9994707
8178092
9949921
7816369
7413605
8109040
6665094
2404063
4862766
2935076
1988475
3178601
9057571
3474047
6186545
9786256
8760878
4126640
7170381
8675850
8657067
2470411
4714579
8847666
6924912
5348605
2367655
8251007
9029603
2253670
6954545
2420578
5952788
1370725
8286239
9492271
3456362
4130169
8216217
9906043
2122778
7899317
5733518
6324400
9243536
2797264
3026520
7876790
1772249
8288753
4280494
7428651
9360801
7326927
8192108
1659573
4952475
2292988
3181340
7331139
8896110
5123036
1884147
3088789
8635280
7809923
7812660
3674271
6521561
9131969
3804751
4190688
3770756
1115379
9762909
2901886
4416695
1944466
5766496
5004351
6273188
3232977
2910609
4995481
1713538
6718699
9661577
7704312
5379834
4615686
3220716
9267284
1434911
6831116
2987400
3089871
8707218
4561347
5256265
4901608
3278859
5600074
7957130
9231755
4113450
5398648
7591025
8463235
5044352
2955372
6478840
5054478
4099115
3142482
1542633
4317288
5355670
9301020
7793978
6227159
2310345
2602869
8834722
5274166
1527990
7239376
6156604
1580624
9931417
2136719
6653198
9993301
2490581
3921031
5228719
3075170
2929797
1469257
9613606
2210447
3009673
6543279
9618732
1736391
3638041
2020174
9087136
1835134
2212335
4308171
6252122
7228915
5985745
3133284
9936696
3912482
6457128
2800927
9763154
9963137
9593885
9685754
9177166
3438141
1388178
8827299
6359308
9409216
7948682
3046286
6120744
9693118
3160138
1160789
1750841
2390531
3370841
3082207
9811419
7373139
7504085
2807425
2679386
4009754
2749846
3730385
8460147
8318864
3723797
1570058
2178634
9037025
1203409
4939376
3916479
4138942
2837051
7067766
1508971
2649434
8710959
1425070
3357252
6510203
4224704
4049434
5346126
4880108
4239103
3562056
1418823
7941449
4201485
5115643
2300933
1518382
1257608
3239151
9056517
9498446
6040505
8043302
5455304
7869552
1547026
7472916
8692460
1412855
2675769
8066557
4064757
3487715
7503269
3950907
3468551
3815121
5091403
4594402
6973609
2105914
7704442
5528342
6970727
2526824
6647307
1296592
1147482
2980752
4034215
1730677
9816945
4588234
4622670
9914194
4993784
5727192
4870386
6486329
3366546
8888329
7841266
5586232
4157977
9860344
3681214
6004789
2581147
3231169
9631385
9822496
1173818
7626439
4015896
6942096
7617578
4209133
7040669
5239126
6124973
1348234
8905441
4869672
9924705
9578654
2145510
3050827
3287451
2810198
5402144
5837309
4067789
1797749
2296544
3244692
9434436
8276910
5544754
7439220
6305703
5815314
9827108
3783123
7082774
4729707
3769773
3134678
6462702
3421231
6119476
6304692
2141456
9552993
3896574
1300240
7054445
3157463
3576395
8681182
8754929
2887043
1962056
1903772
8934138
1318691
2199902
4236472
8722635
2491422
8699713
4810769
7512455
3235697
5956615
9652227
1658764
3143820
9710381
1133213
9495155
3067761
6420668
5432063
3070351
2924894
9708098
5904533
4882857
8056433
4590494
5882452
7806514
1960011
4892611
9177526
2970095
1568358
5480415
6477160
3592251
7156358
1464889
5280125
2989631
7840409
8792984
3888413
4153815
4226854
8598564
3557336
8324181
6173834
7414215
4224853
8517085
3343495
1142085
5841632
2887147
9958883
1613396
9715968
2005741
8272303
8071412
4518017
3646506
1135147
4473734
7339997
8834385
3444032
5835150
1793217
4694993
6345652
6548940
2147860
7373268
1661693
2033799
8142886
6004837
5290415
6965428
6868115
6684867
3716098
6763810
6716074
7250510
8870045
9384325
3184228
1211533
1257737
8426551
6278637
7253932
6090965
6393218
7891815
2660306
4995292
6660369
3463623
7832747
8451552
5995825
1112249
5824028
9348005
7358539
2405549
3360677
4152632
2045064
6647889
2418003
7073480
7240889
3140345
6317155
3991851
9339113
7624540
6856836
2542138
3049059
7401585
4530854
2719763
4315691
7224635
6635149
4084961
1166973
9843575
7556267
8168928
3779661
6685046
9423138
8086197
5904630
6048082
5068209
6924061
3866103
4095857
8483590
7009500
2825220
6137578
2828467
5046249
5684833
8329144
4529417
2724024
8650931
6971581
6562482
9798013
5235730
6550792
9125909
3527129
1721272
6031972
6106359
7536791
8397445
4128385
9282453
5277214
5030088
1315685
5617117
8607369
1860252
5465423
4803052
6749330
6285135
3047103
5045884
3334240
5455177
8913408
6623138
2782947
1560239
5724408
5200818
6062080
4399927
1613075
7288816
9621476
7434842
6016276
9068982
1234393
2039524
4642674
3255027
9747585
5905035
1558211
1651123
8716479
7456704
1934676
8789301
5170128
6282552
9746860
3673946
6714184
4310830
5239511
2883250
4836274
3433529
9045231
8534601
8847410
6367559
5111700
3630628
7206401
7513477
3264237
4758017
5259622
6699503
2395046
7250739
7177112
4732899
2825971
2500159
8799236
8604683
3566559
6306956
3268622
4634263
4237389
7317379
2384781
5630908
8379956
3988742
5158705
6704097
2122680
3183671
1424089
9839471
7066292
2621623
3561687
6091227
3900714
8401647
6076088
9150575
9050945
4822208
3885426
2905211
8407948
5513388
4827569
3814081
5549702
6313805
4759338
7953018
5245480
5423487
8368245
1893375
2387847
6129451
5095619
3700151
2373396
3457134
9465465
8486578
5684473
8537943
3427278
3158282
9805436
9739730
9812962
1339181
1152913
5847839
6025074
8048130
8692154
2441336
4909539
7998326
2182794
1296941
2696169
6852934
3424971
7095828
1678764
4137261
6039445
6241057
6891352
2181471
4932463
3257157
4348193
7302255
6529903
9896169
7382312
6265294
5649933
7944054
4031404
7132196
3438103
6236437
7846600
5467081
4608578
8847530
1906282
1414762
8964303
5691348
8506270
7112326
4498690
1820656
2183972
1140890
4700442
3457065
7508066
2271189
9424886
1282566
8472725
2544960
9879056
